0.06, 0.06, 0.06, 0.06, 0.05, 0.05, 0.05, 0.04, 0.05, 0.05, 0.06, 0.06, 0.05, 0.06, 0.06, 0.08, 0.07, 0.04, 0.04, 0.05, 0.04, 0.05, 0.06, 0.06, 0.05, 0.05, 0.04, 0.06, 0.09, 0.10, 0.11, 0.11, 0.10, 0.09, 0.09, 0.09, 0.07, 0.07, 0.06, 0.07, 0.08, 0.08, 0.07, 0.07, 0.08, 0.09, 0.09, 0.07, 0.05, 0.05, 0.07, 0.08, 0.08, 0.07, 0.06, 0.06, 0.07, 0.07, 0.07, 0.07
0.06, 0.06, 0.06, 0.06, 0.05, 0.05, 0.05, 0.04, 0.05, 0.05, 0.06, 0.06, 0.05, 0.06, 0.06, 0.08, 0.07, 0.04, 0.04, 0.05, 0.04, 0.05, 0.06, 0.06, 0.05, 0.05, 0.04, 0.06, 0.09, 0.10, 0.11, 0.11, 0.10, 0.09, 0.09, 0.09, 0.07, 0.07, 0.06, 0.07, 0.08, 0.08, 0.07, 0.07, 0.08, 0.09, 0.09, 0.07, 0.05, 0.05, 0.07, 0.08, 0.08, 0.07, 0.06, 0.06, 0.07, 0.07, 0.07, 0.07
0.06, 0.07, 0.07, 0.07, 0.07, 0.06, 0.06, 0.05, 0.05, 0.06, 0.06, 0.06, 0.06, 0.07, 0.07, 0.07, 0.06, 0.04, 0.05, 0.04, 0.04, 0.05, 0.05, 0.06, 0.06, 0.06, 0.05, 0.05, 0.05, 0.06, 0.06, 0.07, 0.07, 0.06, 0.06, 0.06, 0.06, 0.07, 0.06, 0.06, 0.07, 0.08, 0.07, 0.06, 0.07, 0.09, 0.08, 0.06, 0.04, 0.05, 0.08, 0.08, 0.08, 0.07, 0.06, 0.07, 0.07, 0.07, 0.07, 0.07
0.06, 0.07, 0.07, 0.07, 0.08, 0.08, 0.08, 0.06, 0.06, 0.07, 0.07, 0.07, 0.07, 0.08, 0.07, 0.08, 0.07, 0.07, 0.07, 0.05, 0.04, 0.04, 0.05, 0.05, 0.06, 0.06, 0.06, 0.05, 0.05, 0.04, 0.02, 0.02, 0.03, 0.04, 0.03, 0.04, 0.06, 0.08, 0.07, 0.06, 0.05, 0.06, 0.07, 0.06, 0.06, 0.08, 0.07, 0.05, 0.05, 0.07, 0.08, 0.07, 0.07, 0.06, 0.06, 0.07, 0.07, 0.06, 0.07, 0.07
0.07, 0.07, 0.06, 0.05, 0.07, 0.07, 0.07, 0.07, 0.08, 0.08, 0.08, 0.07, 0.07, 0.07, 0.07, 0.08, 0.09, 0.08, 0.08, 0.06, 0.06, 0.06, 0.07, 0.07, 0.06, 0.06, 0.06, 0.07, 0.07, 0.06, 0.04, 0.03, 0.04, 0.04, 0.03, 0.03, 0.05, 0.07, 0.08, 0.07, 0.06, 0.06, 0.07, 0.07, 0.06, 0.07, 0.06, 0.05, 0.06, 0.07, 0.07, 0.05, 0.05, 0.05, 0.06, 0.06, 0.06, 0.06, 0.07, 0.07
0.07, 0.07, 0.06, 0.04, 0.06, 0.06, 0.06, 0.06, 0.07, 0.07, 0.06, 0.06, 0.05, 0.05, 0.04, 0.05, 0.06, 0.07, 0.06, 0.06, 0.08, 0.09, 0.10, 0.10, 0.08, 0.07, 0.07, 0.07, 0.08, 0.08, 0.07, 0.06, 0.07, 0.07, 0.06, 0.05, 0.06, 0.07, 0.08, 0.08, 0.07, 0.07, 0.07, 0.06, 0.06, 0.07, 0.07, 0.07, 0.08, 0.09, 0.08, 0.07, 0.06, 0.07, 0.07, 0.08, 0.08, 0.07, 0.07, 0.06
0.07, 0.07, 0.06, 0.05, 0.05, 0.05, 0.06, 0.06, 0.07, 0.06, 0.04, 0.04, 0.04, 0.04, 0.04, 0.04, 0.05, 0.06, 0.06, 0.06, 0.08, 0.09, 0.09, 0.08, 0.07, 0.07, 0.06, 0.06, 0.06, 0.07, 0.07, 0.07, 0.07, 0.08, 0.08, 0.08, 0.08, 0.08, 0.09, 0.08, 0.08, 0.08, 0.08, 0.07, 0.07, 0.08, 0.09, 0.09, 0.09, 0.10, 0.10, 0.09, 0.08, 0.08, 0.08, 0.08, 0.08, 0.07, 0.07, 0.05
0.06, 0.07, 0.06, 0.06, 0.06, 0.06, 0.06, 0.07, 0.07, 0.05, 0.03, 0.04, 0.04, 0.04, 0.04, 0.04, 0.06, 0.07, 0.08, 0.08, 0.09, 0.08, 0.07, 0.06, 0.06, 0.06, 0.06, 0.06, 0.06, 0.06, 0.06, 0.06, 0.07, 0.07, 0.08, 0.09, 0.09, 0.08, 0.08, 0.07, 0.07, 0.08, 0.08, 0.07, 0.07, 0.08, 0.09, 0.08, 0.08, 0.09, 0.09, 0.08, 0.08, 0.08, 0.08, 0.07, 0.06, 0.06, 0.05, 0.04
0.06, 0.06, 0.05, 0.05, 0.05, 0.06, 0.07, 0.07, 0.06, 0.05, 0.04, 0.05, 0.05, 0.05, 0.04, 0.04, 0.06, 0.08, 0.08, 0.08, 0.08, 0.08, 0.07, 0.06, 0.06, 0.06, 0.06, 0.06, 0.06, 0.06, 0.07, 0.07, 0.07, 0.07, 0.07, 0.08, 0.08, 0.08, 0.07, 0.06, 0.05, 0.06, 0.06, 0.05, 0.06, 0.07, 0.07, 0.07, 0.06, 0.06, 0.07, 0.07, 0.07, 0.08, 0.07, 0.07, 0.06, 0.06, 0.05, 0.05
0.05, 0.05, 0.05, 0.05, 0.06, 0.07, 0.07, 0.07, 0.06, 0.06, 0.07, 0.07, 0.07, 0.06, 0.05, 0.06, 0.07, 0.07, 0.07, 0.06, 0.06, 0.07, 0.07, 0.06, 0.06, 0.06, 0.06, 0.06, 0.06, 0.06, 0.06, 0.07, 0.07, 0.06, 0.06, 0.06, 0.06, 0.06, 0.06, 0.05, 0.04, 0.05, 0.05, 0.04, 0.03, 0.04, 0.05, 0.05, 0.05, 0.04, 0.05, 0.05, 0.07, 0.08, 0.07, 0.07, 0.06, 0.07, 0.06, 0.06
0.05, 0.05, 0.06, 0.07, 0.09, 0.09, 0.09, 0.07, 0.06, 0.07, 0.09, 0.10, 0.08, 0.07, 0.07, 0.08, 0.08, 0.07, 0.06, 0.04, 0.04, 0.06, 0.06, 0.06, 0.05, 0.05, 0.06, 0.06, 0.07, 0.06, 0.06, 0.06, 0.05, 0.04, 0.04, 0.03, 0.03, 0.03, 0.04, 0.05, 0.04, 0.04, 0.04, 0.04, 0.03, 0.03, 0.04, 0.04, 0.03, 0.02, 0.02, 0.03, 0.05, 0.07, 0.07, 0.06, 0.06, 0.06, 0.07, 0.07
0.06, 0.06, 0.07, 0.08, 0.10, 0.10, 0.09, 0.07, 0.06, 0.07, 0.08, 0.08, 0.07, 0.07, 0.06, 0.06, 0.06, 0.06, 0.06, 0.06, 0.06, 0.06, 0.06, 0.06, 0.06, 0.06, 0.07, 0.07, 0.07, 0.07, 0.07, 0.07, 0.05, 0.04, 0.03, 0.02, 0.01, 0.02, 0.03, 0.05, 0.05, 0.04, 0.04, 0.05, 0.04, 0.04, 0.04, 0.04, 0.04, 0.03, 0.02, 0.03, 0.05, 0.06, 0.06, 0.05, 0.05, 0.06, 0.07, 0.07
0.06, 0.06, 0.07, 0.08, 0.08, 0.08, 0.07, 0.06, 0.05, 0.06, 0.07, 0.07, 0.06, 0.05, 0.05, 0.04, 0.04, 0.05, 0.06, 0.07, 0.06, 0.06, 0.06, 0.07, 0.07, 0.08, 0.08, 0.08, 0.07, 0.07, 0.08, 0.07, 0.06, 0.05, 0.04, 0.04, 0.03, 0.03, 0.04, 0.05, 0.06, 0.04, 0.04, 0.05, 0.05, 0.05, 0.05, 0.05, 0.06, 0.05, 0.04, 0.04, 0.05, 0.06, 0.05, 0.04, 0.05, 0.05, 0.06, 0.07
0.07, 0.07, 0.06, 0.06, 0.05, 0.05, 0.04, 0.04, 0.04, 0.04, 0.06, 0.06, 0.05, 0.05, 0.05, 0.05, 0.04, 0.05, 0.07, 0.07, 0.06, 0.06, 0.07, 0.07, 0.07, 0.07, 0.08, 0.08, 0.08, 0.07, 0.07, 0.07, 0.06, 0.06, 0.06, 0.07, 0.06, 0.06, 0.06, 0.07, 0.08, 0.05, 0.04, 0.04, 0.05, 0.06, 0.05, 0.05, 0.07, 0.06, 0.05, 0.05, 0.04, 0.05, 0.04, 0.04, 0.05, 0.05, 0.05, 0.06
0.07, 0.07, 0.06, 0.05, 0.04, 0.03, 0.03, 0.03, 0.03, 0.04, 0.05, 0.06, 0.06, 0.06, 0.07, 0.07, 0.07, 0.08, 0.08, 0.08, 0.07, 0.07, 0.08, 0.06, 0.05, 0.05, 0.06, 0.07, 0.08, 0.09, 0.08, 0.08, 0.07, 0.08, 0.10, 0.10, 0.09, 0.09, 0.08, 0.09, 0.10, 0.07, 0.05, 0.04, 0.04, 0.04, 0.05, 0.06, 0.07, 0.05, 0.06, 0.06, 0.06, 0.06, 0.06, 0.07, 0.06, 0.05, 0.04, 0.06
0.07, 0.06, 0.05, 0.06, 0.05, 0.05, 0.04, 0.05, 0.05, 0.05, 0.06, 0.06, 0.05, 0.06, 0.07, 0.08, 0.08, 0.09, 0.09, 0.09, 0.07, 0.06, 0.06, 0.05, 0.05, 0.05, 0.04, 0.05, 0.07, 0.08, 0.08, 0.08, 0.08, 0.09, 0.09, 0.08, 0.07, 0.07, 0.07, 0.08, 0.09, 0.07, 0.05, 0.04, 0.04, 0.05, 0.07, 0.08, 0.08, 0.06, 0.06, 0.06, 0.06, 0.06, 0.06, 0.08, 0.08, 0.07, 0.06, 0.06
0.06, 0.06, 0.06, 0.07, 0.06, 0.06, 0.06, 0.07, 0.06, 0.05, 0.06, 0.06, 0.06, 0.05, 0.07, 0.07, 0.06, 0.07, 0.07, 0.06, 0.06, 0.07, 0.07, 0.06, 0.06, 0.06, 0.05, 0.05, 0.07, 0.07, 0.06, 0.06, 0.07, 0.07, 0.07, 0.05, 0.05, 0.05, 0.06, 0.06, 0.06, 0.07, 0.06, 0.05, 0.06, 0.06, 0.08, 0.08, 0.08, 0.06, 0.05, 0.05, 0.06, 0.06, 0.06, 0.06, 0.07, 0.07, 0.06, 0.07
0.06, 0.06, 0.07, 0.06, 0.05, 0.05, 0.07, 0.09, 0.08, 0.06, 0.06, 0.05, 0.05, 0.05, 0.05, 0.05, 0.04, 0.05, 0.05, 0.04, 0.04, 0.06, 0.08, 0.07, 0.07, 0.08, 0.07, 0.07, 0.07, 0.06, 0.05, 0.05, 0.06, 0.05, 0.05, 0.03, 0.04, 0.05, 0.06, 0.07, 0.07, 0.08, 0.07, 0.07, 0.07, 0.06, 0.07, 0.07, 0.06, 0.05, 0.04, 0.04, 0.05, 0.06, 0.06, 0.06, 0.04, 0.06, 0.06, 0.07
0.06, 0.07, 0.08, 0.06, 0.05, 0.06, 0.08, 0.09, 0.08, 0.07, 0.07, 0.07, 0.07, 0.06, 0.05, 0.04, 0.04, 0.05, 0.05, 0.05, 0.05, 0.06, 0.08, 0.07, 0.06, 0.05, 0.05, 0.05, 0.06, 0.05, 0.05, 0.05, 0.05, 0.05, 0.04, 0.04, 0.05, 0.06, 0.07, 0.07, 0.07, 0.07, 0.07, 0.08, 0.08, 0.08, 0.07, 0.06, 0.06, 0.05, 0.05, 0.05, 0.05, 0.06, 0.07, 0.07, 0.05, 0.06, 0.07, 0.06
0.06, 0.06, 0.07, 0.06, 0.06, 0.06, 0.07, 0.07, 0.07, 0.07, 0.08, 0.08, 0.08, 0.08, 0.08, 0.07, 0.06, 0.06, 0.06, 0.06, 0.06, 0.06, 0.08, 0.07, 0.06, 0.04, 0.04, 0.05, 0.06, 0.06, 0.07, 0.08, 0.08, 0.07, 0.07, 0.07, 0.07, 0.07, 0.08, 0.08, 0.07, 0.07, 0.06, 0.07, 0.08, 0.07, 0.05, 0.06, 0.08, 0.07, 0.07, 0.06, 0.06, 0.07, 0.08, 0.08, 0.06, 0.05, 0.06, 0.06
0.05, 0.05, 0.04, 0.05, 0.04, 0.05, 0.05, 0.06, 0.05, 0.06, 0.08, 0.09, 0.09, 0.09, 0.10, 0.09, 0.09, 0.08, 0.06, 0.06, 0.06, 0.06, 0.07, 0.07, 0.07, 0.05, 0.03, 0.06, 0.06, 0.07, 0.08, 0.07, 0.09, 0.08, 0.09, 0.11, 0.10, 0.09, 0.09, 0.08, 0.08, 0.08, 0.07, 0.06, 0.06, 0.07, 0.05, 0.06, 0.08, 0.08, 0.07, 0.06, 0.06, 0.07, 0.08, 0.08, 0.06, 0.05, 0.06, 0.07
0.05, 0.04, 0.03, 0.03, 0.03, 0.05, 0.05, 0.05, 0.05, 0.05, 0.06, 0.07, 0.07, 0.08, 0.08, 0.09, 0.09, 0.08, 0.06, 0.06, 0.06, 0.06, 0.06, 0.06, 0.08, 0.06, 0.04, 0.06, 0.07, 0.07, 0.06, 0.06, 0.07, 0.08, 0.09, 0.11, 0.11, 0.11, 0.10, 0.08, 0.08, 0.08, 0.07, 0.06, 0.05, 0.05, 0.05, 0.06, 0.08, 0.08, 0.08, 0.06, 0.05, 0.06, 0.07, 0.08, 0.06, 0.05, 0.07, 0.07
0.05, 0.06, 0.05, 0.05, 0.05, 0.07, 0.06, 0.06, 0.05, 0.04, 0.05, 0.05, 0.06, 0.06, 0.07, 0.09, 0.09, 0.07, 0.07, 0.07, 0.07, 0.06, 0.06, 0.06, 0.07, 0.06, 0.05, 0.07, 0.08, 0.07, 0.06, 0.06, 0.07, 0.08, 0.08, 0.09, 0.09, 0.10, 0.09, 0.07, 0.07, 0.07, 0.06, 0.05, 0.05, 0.05, 0.05, 0.06, 0.07, 0.08, 0.08, 0.06, 0.04, 0.05, 0.06, 0.07, 0.07, 0.06, 0.07, 0.07
0.05, 0.07, 0.08, 0.08, 0.07, 0.08, 0.08, 0.08, 0.07, 0.05, 0.05, 0.05, 0.05, 0.06, 0.06, 0.07, 0.08, 0.07, 0.07, 0.07, 0.07, 0.07, 0.07, 0.06, 0.06, 0.06, 0.06, 0.08, 0.08, 0.07, 0.06, 0.06, 0.07, 0.06, 0.04, 0.05, 0.06, 0.07, 0.07, 0.04, 0.05, 0.07, 0.07, 0.05, 0.05, 0.06, 0.05, 0.05, 0.06, 0.09, 0.09, 0.06, 0.05, 0.06, 0.06, 0.06, 0.06, 0.06, 0.07, 0.06
0.06, 0.08, 0.09, 0.08, 0.07, 0.08, 0.08, 0.08, 0.08, 0.07, 0.05, 0.05, 0.04, 0.04, 0.05, 0.06, 0.07, 0.06, 0.06, 0.06, 0.06, 0.06, 0.07, 0.07, 0.06, 0.06, 0.08, 0.08, 0.07, 0.06, 0.05, 0.04, 0.05, 0.05, 0.03, 0.04, 0.04, 0.04, 0.05, 0.04, 0.04, 0.07, 0.07, 0.05, 0.06, 0.07, 0.07, 0.06, 0.06, 0.08, 0.08, 0.06, 0.06, 0.07, 0.07, 0.05, 0.05, 0.05, 0.07, 0.07
0.07, 0.07, 0.07, 0.06, 0.06, 0.06, 0.06, 0.07, 0.08, 0.07, 0.05, 0.05, 0.04, 0.04, 0.05, 0.05, 0.06, 0.06, 0.06, 0.04, 0.04, 0.05, 0.06, 0.07, 0.06, 0.06, 0.07, 0.07, 0.05, 0.05, 0.04, 0.04, 0.05, 0.06, 0.05, 0.05, 0.04, 0.04, 0.04, 0.04, 0.04, 0.05, 0.05, 0.04, 0.05, 0.08, 0.08, 0.06, 0.05, 0.07, 0.07, 0.06, 0.06, 0.07, 0.07, 0.05, 0.04, 0.05, 0.08, 0.07
0.07, 0.07, 0.07, 0.06, 0.05, 0.04, 0.04, 0.05, 0.07, 0.06, 0.05, 0.05, 0.05, 0.05, 0.05, 0.05, 0.05, 0.05, 0.05, 0.05, 0.05, 0.05, 0.05, 0.05, 0.06, 0.05, 0.05, 0.05, 0.05, 0.05, 0.05, 0.04, 0.05, 0.06, 0.06, 0.06, 0.04, 0.05, 0.05, 0.04, 0.03, 0.05, 0.05, 0.05, 0.07, 0.09, 0.09, 0.06, 0.04, 0.05, 0.06, 0.07, 0.07, 0.09, 0.08, 0.06, 0.04, 0.07, 0.09, 0.07
0.06, 0.06, 0.07, 0.07, 0.06, 0.04, 0.03, 0.03, 0.05, 0.05, 0.05, 0.05, 0.06, 0.06, 0.06, 0.05, 0.05, 0.04, 0.05, 0.06, 0.08, 0.06, 0.05, 0.05, 0.05, 0.04, 0.05, 0.05, 0.06, 0.08, 0.06, 0.05, 0.05, 0.06, 0.06, 0.07, 0.06, 0.06, 0.07, 0.06, 0.05, 0.07, 0.07, 0.06, 0.08, 0.09, 0.09, 0.06, 0.03, 0.03, 0.06, 0.07, 0.07, 0.09, 0.09, 0.07, 0.05, 0.08, 0.09, 0.06
0.05, 0.04, 0.06, 0.08, 0.07, 0.04, 0.03, 0.04, 0.05, 0.05, 0.05, 0.07, 0.07, 0.06, 0.07, 0.06, 0.06, 0.06, 0.05, 0.05, 0.08, 0.05, 0.05, 0.06, 0.07, 0.06, 0.06, 0.06, 0.08, 0.09, 0.07, 0.07, 0.07, 0.08, 0.07, 0.07, 0.07, 0.07, 0.08, 0.08, 0.08, 0.08, 0.08, 0.08, 0.07, 0.07, 0.07, 0.05, 0.05, 0.05, 0.07, 0.07, 0.06, 0.07, 0.07, 0.05, 0.05, 0.07, 0.08, 0.06
0.05, 0.04, 0.05, 0.07, 0.06, 0.04, 0.04, 0.05, 0.05, 0.05, 0.05, 0.06, 0.06, 0.06, 0.06, 0.06, 0.07, 0.07, 0.05, 0.04, 0.06, 0.06, 0.07, 0.08, 0.07, 0.06, 0.07, 0.07, 0.07, 0.07, 0.06, 0.07, 0.07, 0.07, 0.06, 0.06, 0.06, 0.06, 0.07, 0.08, 0.06, 0.06, 0.07, 0.07, 0.05, 0.05, 0.05, 0.05, 0.06, 0.06, 0.07, 0.06, 0.05, 0.06, 0.05, 0.04, 0.05, 0.07, 0.08, 0.06
0.05, 0.04, 0.06, 0.08, 0.07, 0.06, 0.07, 0.07, 0.05, 0.06, 0.07, 0.06, 0.05, 0.06, 0.08, 0.07, 0.06, 0.06, 0.05, 0.05, 0.06, 0.06, 0.07, 0.08, 0.07, 0.06, 0.06, 0.05, 0.06, 0.04, 0.03, 0.06, 0.06, 0.06, 0.06, 0.06, 0.05, 0.04, 0.05, 0.06, 0.04, 0.04, 0.05, 0.06, 0.03, 0.06, 0.05, 0.04, 0.05, 0.05, 0.07, 0.06, 0.05, 0.07, 0.05, 0.04, 0.05, 0.06, 0.08, 0.06
0.06, 0.05, 0.07, 0.07, 0.07, 0.07, 0.10, 0.10, 0.07, 0.08, 0.08, 0.06, 0.05, 0.05, 0.09, 0.07, 0.04, 0.03, 0.02, 0.04, 0.05, 0.05, 0.06, 0.07, 0.05, 0.04, 0.06, 0.05, 0.07, 0.05, 0.03, 0.04, 0.04, 0.05, 0.05, 0.05, 0.04, 0.04, 0.05, 0.05, 0.04, 0.04, 0.04, 0.05, 0.04, 0.07, 0.05, 0.04, 0.05, 0.06, 0.06, 0.05, 0.04, 0.06, 0.05, 0.04, 0.04, 0.04, 0.07, 0.06
0.06, 0.06, 0.08, 0.07, 0.06, 0.08, 0.10, 0.11, 0.08, 0.09, 0.08, 0.06, 0.04, 0.06, 0.07, 0.05, 0.05, 0.03, 0.03, 0.04, 0.04, 0.04, 0.05, 0.06, 0.05, 0.04, 0.05, 0.05, 0.05, 0.05, 0.05, 0.05, 0.05, 0.05, 0.04, 0.04, 0.04, 0.03, 0.02, 0.03, 0.03, 0.03, 0.03, 0.03, 0.04, 0.06, 0.04, 0.04, 0.06, 0.06, 0.05, 0.04, 0.04, 0.07, 0.05, 0.04, 0.04, 0.05, 0.08, 0.07
0.05, 0.06, 0.07, 0.06, 0.05, 0.07, 0.10, 0.10, 0.07, 0.07, 0.06, 0.05, 0.05, 0.06, 0.06, 0.06, 0.06, 0.05, 0.04, 0.06, 0.06, 0.05, 0.05, 0.05, 0.05, 0.04, 0.04, 0.04, 0.05, 0.06, 0.06, 0.06, 0.05, 0.04, 0.04, 0.05, 0.06, 0.05, 0.03, 0.03, 0.04, 0.03, 0.03, 0.03, 0.04, 0.06, 0.05, 0.04, 0.06, 0.05, 0.03, 0.03, 0.05, 0.08, 0.06, 0.04, 0.05, 0.06, 0.09, 0.07
0.04, 0.05, 0.05, 0.05, 0.04, 0.04, 0.07, 0.08, 0.06, 0.06, 0.06, 0.07, 0.06, 0.06, 0.05, 0.06, 0.07, 0.07, 0.06, 0.06, 0.05, 0.04, 0.04, 0.04, 0.04, 0.04, 0.05, 0.04, 0.05, 0.06, 0.05, 0.05, 0.04, 0.04, 0.04, 0.06, 0.07, 0.07, 0.04, 0.06, 0.06, 0.05, 0.05, 0.06, 0.05, 0.06, 0.06, 0.06, 0.07, 0.05, 0.04, 0.04, 0.06, 0.09, 0.07, 0.06, 0.07, 0.08, 0.09, 0.07
0.04, 0.04, 0.04, 0.05, 0.04, 0.02, 0.03, 0.04, 0.04, 0.04, 0.06, 0.07, 0.07, 0.06, 0.04, 0.05, 0.06, 0.07, 0.06, 0.05, 0.05, 0.04, 0.04, 0.04, 0.04, 0.05, 0.05, 0.03, 0.03, 0.04, 0.04, 0.03, 0.04, 0.04, 0.04, 0.05, 0.07, 0.07, 0.07, 0.08, 0.08, 0.06, 0.06, 0.06, 0.05, 0.06, 0.06, 0.07, 0.07, 0.06, 0.05, 0.05, 0.07, 0.08, 0.07, 0.06, 0.06, 0.07, 0.07, 0.07
0.04, 0.04, 0.05, 0.06, 0.05, 0.02, 0.02, 0.03, 0.04, 0.04, 0.06, 0.07, 0.07, 0.06, 0.05, 0.05, 0.06, 0.06, 0.05, 0.04, 0.04, 0.05, 0.05, 0.04, 0.04, 0.05, 0.05, 0.03, 0.03, 0.04, 0.03, 0.03, 0.04, 0.05, 0.05, 0.05, 0.06, 0.07, 0.07, 0.08, 0.07, 0.05, 0.05, 0.05, 0.05, 0.05, 0.06, 0.07, 0.06, 0.05, 0.05, 0.05, 0.06, 0.06, 0.05, 0.04, 0.05, 0.05, 0.06, 0.07
0.05, 0.04, 0.06, 0.08, 0.07, 0.05, 0.03, 0.04, 0.06, 0.06, 0.06, 0.06, 0.06, 0.05, 0.05, 0.05, 0.05, 0.05, 0.05, 0.04, 0.04, 0.05, 0.07, 0.06, 0.04, 0.04, 0.04, 0.03, 0.04, 0.05, 0.05, 0.03, 0.03, 0.04, 0.05, 0.05, 0.06, 0.06, 0.06, 0.05, 0.05, 0.04, 0.05, 0.06, 0.06, 0.05, 0.05, 0.06, 0.05, 0.04, 0.03, 0.03, 0.04, 0.04, 0.04, 0.04, 0.05, 0.05, 0.06, 0.06
0.05, 0.05, 0.06, 0.08, 0.08, 0.07, 0.06, 0.06, 0.08, 0.08, 0.06, 0.04, 0.05, 0.04, 0.04, 0.04, 0.03, 0.03, 0.03, 0.04, 0.03, 0.04, 0.06, 0.06, 0.05, 0.03, 0.04, 0.04, 0.05, 0.06, 0.05, 0.04, 0.04, 0.04, 0.05, 0.05, 0.05, 0.04, 0.04, 0.03, 0.03, 0.03, 0.05, 0.06, 0.07, 0.05, 0.04, 0.04, 0.04, 0.03, 0.03, 0.02, 0.03, 0.04, 0.04, 0.05, 0.06, 0.06, 0.06, 0.06
0.05, 0.06, 0.07, 0.09, 0.09, 0.08, 0.07, 0.08, 0.09, 0.08, 0.06, 0.04, 0.04, 0.03, 0.03, 0.03, 0.02, 0.02, 0.02, 0.03, 0.02, 0.03, 0.05, 0.06, 0.06, 0.04, 0.04, 0.04, 0.05, 0.06, 0.05, 0.06, 0.06, 0.06, 0.06, 0.06, 0.05, 0.04, 0.04, 0.04, 0.04, 0.03, 0.04, 0.05, 0.07, 0.06, 0.05, 0.04, 0.04, 0.05, 0.05, 0.05, 0.06, 0.06, 0.07, 0.07, 0.07, 0.07, 0.06, 0.06
0.05, 0.05, 0.06, 0.07, 0.08, 0.08, 0.08, 0.08, 0.08, 0.07, 0.06, 0.05, 0.05, 0.06, 0.05, 0.04, 0.03, 0.03, 0.03, 0.04, 0.03, 0.04, 0.05, 0.05, 0.05, 0.04, 0.04, 0.04, 0.05, 0.06, 0.07, 0.08, 0.08, 0.07, 0.07, 0.07, 0.06, 0.06, 0.06, 0.06, 0.06, 0.06, 0.06, 0.06, 0.07, 0.07, 0.06, 0.05, 0.05, 0.07, 0.08, 0.09, 0.09, 0.08, 0.09, 0.09, 0.09, 0.08, 0.06, 0.06
0.05, 0.04, 0.04, 0.05, 0.06, 0.06, 0.06, 0.07, 0.07, 0.06, 0.06, 0.06, 0.06, 0.07, 0.08, 0.08, 0.08, 0.07, 0.07, 0.08, 0.07, 0.07, 0.05, 0.04, 0.04, 0.03, 0.04, 0.05, 0.06, 0.07, 0.07, 0.07, 0.08, 0.06, 0.06, 0.07, 0.07, 0.07, 0.07, 0.08, 0.08, 0.09, 0.10, 0.09, 0.09, 0.08, 0.08, 0.08, 0.07, 0.08, 0.09, 0.10, 0.09, 0.07, 0.08, 0.10, 0.10, 0.09, 0.06, 0.05
0.05, 0.04, 0.04, 0.04, 0.05, 0.04, 0.04, 0.05, 0.05, 0.06, 0.06, 0.06, 0.07, 0.08, 0.09, 0.09, 0.09, 0.08, 0.08, 0.08, 0.08, 0.08, 0.07, 0.06, 0.06, 0.06, 0.07, 0.08, 0.08, 0.07, 0.07, 0.07, 0.07, 0.06, 0.06, 0.06, 0.06, 0.07, 0.07, 0.08, 0.08, 0.09, 0.08, 0.07, 0.07, 0.07, 0.07, 0.07, 0.07, 0.06, 0.06, 0.07, 0.06, 0.04, 0.05, 0.08, 0.09, 0.08, 0.06, 0.05
0.06, 0.05, 0.05, 0.04, 0.04, 0.04, 0.04, 0.05, 0.05, 0.06, 0.07, 0.07, 0.07, 0.07, 0.08, 0.07, 0.06, 0.06, 0.06, 0.07, 0.07, 0.08, 0.08, 0.08, 0.07, 0.07, 0.08, 0.08, 0.07, 0.07, 0.07, 0.06, 0.06, 0.06, 0.05, 0.05, 0.06, 0.06, 0.07, 0.07, 0.08, 0.07, 0.06, 0.05, 0.05, 0.04, 0.04, 0.05, 0.04, 0.04, 0.03, 0.05, 0.04, 0.03, 0.04, 0.06, 0.06, 0.06, 0.05, 0.06
0.06, 0.06, 0.07, 0.06, 0.06, 0.06, 0.07, 0.07, 0.07, 0.08, 0.08, 0.07, 0.06, 0.06, 0.06, 0.05, 0.05, 0.05, 0.06, 0.06, 0.06, 0.07, 0.08, 0.08, 0.07, 0.07, 0.07, 0.06, 0.06, 0.05, 0.05, 0.04, 0.05, 0.07, 0.07, 0.07, 0.07, 0.06, 0.05, 0.05, 0.05, 0.05, 0.04, 0.04, 0.05, 0.03, 0.02, 0.05, 0.06, 0.06, 0.05, 0.06, 0.05, 0.05, 0.05, 0.05, 0.06, 0.06, 0.05, 0.06
0.05, 0.06, 0.09, 0.10, 0.09, 0.08, 0.09, 0.08, 0.09, 0.09, 0.09, 0.08, 0.06, 0.05, 0.06, 0.06, 0.07, 0.08, 0.09, 0.08, 0.08, 0.08, 0.08, 0.09, 0.08, 0.08, 0.06, 0.06, 0.06, 0.06, 0.06, 0.06, 0.07, 0.08, 0.07, 0.08, 0.07, 0.07, 0.04, 0.04, 0.03, 0.03, 0.04, 0.04, 0.05, 0.03, 0.03, 0.06, 0.07, 0.06, 0.06, 0.06, 0.06, 0.06, 0.06, 0.06, 0.06, 0.06, 0.05, 0.05
0.05, 0.06, 0.09, 0.10, 0.09, 0.08, 0.08, 0.08, 0.08, 0.09, 0.09, 0.08, 0.07, 0.06, 0.07, 0.08, 0.08, 0.10, 0.11, 0.09, 0.09, 0.09, 0.09, 0.09, 0.10, 0.09, 0.08, 0.07, 0.08, 0.07, 0.07, 0.08, 0.08, 0.09, 0.08, 0.08, 0.08, 0.07, 0.05, 0.05, 0.05, 0.05, 0.04, 0.05, 0.05, 0.05, 0.05, 0.07, 0.09, 0.08, 0.07, 0.07, 0.07, 0.07, 0.06, 0.06, 0.05, 0.06, 0.06, 0.05
0.04, 0.05, 0.06, 0.07, 0.07, 0.06, 0.07, 0.07, 0.07, 0.08, 0.08, 0.08, 0.07, 0.07, 0.08, 0.07, 0.07, 0.08, 0.09, 0.09, 0.09, 0.09, 0.09, 0.09, 0.10, 0.09, 0.10, 0.09, 0.09, 0.09, 0.09, 0.09, 0.09, 0.09, 0.08, 0.08, 0.07, 0.07, 0.06, 0.07, 0.07, 0.07, 0.07, 0.07, 0.07, 0.07, 0.08, 0.10, 0.11, 0.09, 0.08, 0.07, 0.07, 0.06, 0.06, 0.06, 0.05, 0.05, 0.05, 0.06
0.04, 0.04, 0.04, 0.04, 0.05, 0.05, 0.04, 0.05, 0.06, 0.07, 0.07, 0.07, 0.08, 0.07, 0.08, 0.07, 0.07, 0.08, 0.08, 0.08, 0.08, 0.08, 0.08, 0.09, 0.10, 0.09, 0.10, 0.10, 0.10, 0.10, 0.10, 0.10, 0.08, 0.07, 0.07, 0.07, 0.07, 0.07, 0.07, 0.07, 0.08, 0.08, 0.08, 0.08, 0.08, 0.07, 0.07, 0.08, 0.08, 0.07, 0.06, 0.05, 0.05, 0.05, 0.06, 0.06, 0.06, 0.05, 0.06, 0.06
0.04, 0.04, 0.03, 0.03, 0.03, 0.04, 0.04, 0.04, 0.05, 0.05, 0.04, 0.04, 0.05, 0.06, 0.07, 0.07, 0.07, 0.07, 0.07, 0.07, 0.07, 0.07, 0.08, 0.08, 0.09, 0.09, 0.10, 0.10, 0.10, 0.09, 0.09, 0.08, 0.07, 0.07, 0.06, 0.06, 0.06, 0.07, 0.07, 0.07, 0.08, 0.08, 0.08, 0.07, 0.06, 0.04, 0.04, 0.04, 0.04, 0.04, 0.04, 0.04, 0.04, 0.05, 0.05, 0.05, 0.05, 0.05, 0.06, 0.07
0.05, 0.05, 0.04, 0.03, 0.04, 0.04, 0.04, 0.04, 0.04, 0.04, 0.03, 0.02, 0.04, 0.06, 0.07, 0.08, 0.07, 0.06, 0.06, 0.06, 0.05, 0.06, 0.06, 0.07, 0.08, 0.08, 0.09, 0.09, 0.09, 0.07, 0.07, 0.07, 0.06, 0.06, 0.06, 0.06, 0.07, 0.08, 0.07, 0.07, 0.07, 0.07, 0.07, 0.06, 0.04, 0.03, 0.03, 0.03, 0.03, 0.03, 0.04, 0.05, 0.05, 0.05, 0.05, 0.05, 0.05, 0.06, 0.07, 0.07
0.06, 0.06, 0.06, 0.05, 0.05, 0.06, 0.06, 0.06, 0.06, 0.06, 0.05, 0.05, 0.05, 0.06, 0.07, 0.07, 0.06, 0.06, 0.05, 0.05, 0.05, 0.05, 0.06, 0.06, 0.06, 0.06, 0.06, 0.06, 0.07, 0.07, 0.07, 0.07, 0.06, 0.06, 0.06, 0.06, 0.07, 0.07, 0.07, 0.06, 0.07, 0.07, 0.07, 0.05, 0.05, 0.05, 0.05, 0.06, 0.06, 0.05, 0.05, 0.06, 0.06, 0.06, 0.05, 0.05, 0.05, 0.06, 0.07, 0.07
0.06, 0.06, 0.07, 0.07, 0.07, 0.07, 0.08, 0.08, 0.08, 0.09, 0.08, 0.08, 0.07, 0.07, 0.06, 0.06, 0.05, 0.05, 0.06, 0.06, 0.06, 0.07, 0.07, 0.07, 0.06, 0.05, 0.04, 0.04, 0.06, 0.07, 0.08, 0.07, 0.06, 0.06, 0.07, 0.07, 0.07, 0.07, 0.07, 0.06, 0.07, 0.07, 0.07, 0.06, 0.06, 0.07, 0.09, 0.09, 0.09, 0.07, 0.06, 0.06, 0.06, 0.05, 0.05, 0.05, 0.06, 0.07, 0.07, 0.07
0.06, 0.06, 0.06, 0.06, 0.06, 0.06, 0.07, 0.08, 0.08, 0.09, 0.09, 0.08, 0.07, 0.06, 0.06, 0.05, 0.05, 0.06, 0.07, 0.07, 0.08, 0.08, 0.08, 0.08, 0.07, 0.06, 0.05, 0.04, 0.05, 0.07, 0.07, 0.08, 0.07, 0.07, 0.07, 0.07, 0.07, 0.07, 0.08, 0.07, 0.07, 0.07, 0.07, 0.07, 0.07, 0.07, 0.08, 0.09, 0.08, 0.07, 0.07, 0.07, 0.06, 0.06, 0.06, 0.06, 0.07, 0.07, 0.07, 0.06
0.06, 0.06, 0.06, 0.05, 0.05, 0.05, 0.06, 0.06, 0.07, 0.07, 0.07, 0.08, 0.07, 0.06, 0.06, 0.06, 0.06, 0.07, 0.08, 0.08, 0.09, 0.09, 0.09, 0.08, 0.08, 0.07, 0.06, 0.05, 0.04, 0.05, 0.06, 0.07, 0.07, 0.07, 0.06, 0.07, 0.08, 0.08, 0.09, 0.09, 0.08, 0.08, 0.07, 0.07, 0.06, 0.06, 0.07, 0.07, 0.07, 0.07, 0.07, 0.07, 0.06, 0.06, 0.06, 0.07, 0.07, 0.06, 0.06, 0.06
0.06, 0.06, 0.07, 0.07, 0.06, 0.05, 0.04, 0.04, 0.04, 0.04, 0.05, 0.05, 0.06, 0.06, 0.07, 0.07, 0.07, 0.07, 0.07, 0.07, 0.08, 0.08, 0.07, 0.07, 0.07, 0.07, 0.06, 0.05, 0.05, 0.05, 0.06, 0.07, 0.07, 0.06, 0.06, 0.07, 0.08, 0.08, 0.09, 0.10, 0.09, 0.08, 0.07, 0.07, 0.07, 0.06, 0.06, 0.06, 0.06, 0.06, 0.07, 0.07, 0.06, 0.06, 0.06, 0.07, 0.06, 0.05, 0.05, 0.06
0.06, 0.06, 0.06, 0.06, 0.06, 0.05, 0.04, 0.03, 0.03, 0.03, 0.03, 0.03, 0.04, 0.04, 0.05, 0.05, 0.05, 0.05, 0.04, 0.04, 0.05, 0.05, 0.06, 0.06, 0.06, 0.06, 0.05, 0.05, 0.06, 0.06, 0.07, 0.07, 0.07, 0.07, 0.07, 0.07, 0.08, 0.08, 0.09, 0.09, 0.08, 0.08, 0.07, 0.07, 0.07, 0.06, 0.05, 0.04, 0.05, 0.05, 0.05, 0.05, 0.04, 0.05, 0.06, 0.06, 0.05, 0.05, 0.05, 0.06
0.06, 0.06, 0.06, 0.05, 0.05, 0.04, 0.04, 0.03, 0.03, 0.03, 0.04, 0.04, 0.05, 0.04, 0.04, 0.04, 0.03, 0.03, 0.03, 0.03, 0.03, 0.04, 0.05, 0.06, 0.06, 0.06, 0.06, 0.07, 0.07, 0.09, 0.09, 0.08, 0.08, 0.07, 0.07, 0.07, 0.07, 0.07, 0.08, 0.08, 0.07, 0.07, 0.07, 0.06, 0.05, 0.04, 0.04, 0.03, 0.03, 0.02, 0.02, 0.02, 0.03, 0.04, 0.05, 0.05, 0.05, 0.05, 0.06, 0.06
0.06, 0.07, 0.06, 0.06, 0.06, 0.06, 0.06, 0.06, 0.06, 0.06, 0.06, 0.06, 0.06, 0.06, 0.05, 0.04, 0.04, 0.04, 0.04, 0.04, 0.04, 0.05, 0.05, 0.06, 0.07, 0.07, 0.08, 0.08, 0.08, 0.08, 0.08, 0.08, 0.07, 0.07, 0.07, 0.07, 0.07, 0.07, 0.07, 0.07, 0.06, 0.06, 0.06, 0.04, 0.03, 0.03, 0.03, 0.04, 0.04, 0.04, 0.04, 0.04, 0.05, 0.05, 0.06, 0.06, 0.06, 0.06, 0.06, 0.06
0.06, 0.06, 0.07, 0.07, 0.07, 0.07, 0.07, 0.07, 0.06, 0.06, 0.06, 0.06, 0.06, 0.06, 0.06, 0.06, 0.06, 0.06, 0.06, 0.05, 0.05, 0.05, 0.06, 0.06, 0.06, 0.07, 0.07, 0.06, 0.06, 0.06, 0.06, 0.06, 0.07, 0.07, 0.08, 0.08, 0.08, 0.07, 0.07, 0.06, 0.06, 0.05, 0.05, 0.05, 0.04, 0.04, 0.05, 0.05, 0.06, 0.07, 0.07, 0.07, 0.07, 0.08, 0.07, 0.07, 0.06, 0.06, 0.06, 0.06
